Event,Frequency (%)
Cospeciation,38
Loss,30
Switch,31
Duplication,1
