"","x"
"Cospeciations",NA
"Host_Speciations",6
"Host_Extinctions",NA
"Symbiont_Speciations",3
"Symbiont_Extinctions",5
"Host_Spread/Switches",6
"Dispersals",NA
"Extirpations",NA
"Parafit_Stat",0.183156133299914
"Parafit_P-value",0.96
