Event,Frequency (%)
Cospeciation,66
Loss,9
Switch,4
Duplication,21
